function stream = initialValuesAll(x)
% Initial values taken from Aspects on ADM1 Implementation within the BSM2 Framework
AD_int = [0.009;... % S_su
0.0009;...          % S_aa
0.0009;...          % S_fa 
0.0009;...          % S_va
0.0009;...          % S_bu
0.0009;...          % S_pro
0.0009;...          % S_ac
2.3594e-9;...       % S_h2
2.3594e-6;...       % S_ch4
0.039;...           % S_IC
0.13023;...         % S_IN
0.009;...           % S_I
0.30870;...         % X_c
0.02795;...         % X_ch
0.10260;...         % X_pr
0.02948; ...        % X_li
0.42016;...         % X_su
1.17917;...         % X_aa
0.24303;...         % X_fa
0.43192;...         % X_c4
0.13730;...         % X_pro
0.76056;...         % X_ac
0.31702;...         % X_h2
25.61739;...        % X_I
0.04;...            % S_cat
0.02;...            % S_an
0.0116;...          % S_vam
0.01322;...         % S_bum
0.01574;...         % S_prom
0.19724;...         % S_acm
0.14278;...         % S_hco3m
0.00409;...         % S_nh3
1.023e-5;...        % h2
1.62125;...         % ch4
0.01411]';          % co2

% Initial values taken from steady state run
streamOne = x;
streamTwo = [32.3412785977859,29.4011623616236,13.9394231062477,108.417735270815,5.26790326326180e-10,5.26790328814647e-10,-6.67827014080932e-19,-3.77310563384331e-18,0.0240774907749075,28.6523062730627,1.56652565600656,4.22638066644714,6.32000000000005];
streamTwo = [streamTwo AD_int];
streamThree = [32.3412785977859,29.4011623616236,3826.09452609922,29758.5129807718,1.44593471953316e-07,1.44593472636350e-07,-1.83305238924200e-16,-3.77310563384331e-18,0.0240774907749075,28.6523062730627,1.56652565600656,1160.05747223910,6.32000000000005];
streamThree = [streamThree AD_int];
streamFour = [32.3412785977859,10.0969061430028,295.117658467193,37.0479735591365,407.302712641320,91.7306761744216,312.391981721998,0.793851622560099,14.8539297674752,8.25929882696748,1.04902790282052,1.65861632658781,3.80446770389097];
streamFour = [streamFour AD_int];
streamFive = [32.3412785977859,4.83444136957223,295.113668778374,33.5549909658903,410.523911401880,91.6543652173598,312.940668672103,0.00718697603731817,13.2889299959462,7.98999247849667,0.824188743920179,1.71816153986067,3.89701722380907];
streamFive = [streamFive AD_int];
streamSix = [32.3412785977859,2.52650706800688,295.087108758240,6.59475333581348,412.751477587976,92.9578197148697,316.571061376616,1.10513225838834,20.6689280804385,0.262034236201024,0.846065620758031,0.474342480024837,2.81787757422013];
streamSix = [streamSix AD_int];
streamSeven = [32.3412785977859,2.52650706800688,295.087108758240,6.59475333581348,412.751477587976,92.9578197148697,316.571061376616,1.10513225838834,20.6689280804385,0.262034236201024,0.846065620758031,0.474342480024837,2.81787757422013];
streamSeven = [streamSeven AD_int];
streamEight = [32.3412785977859,2.52650706800688,295.087108758240,6.59475333581348,412.751477587976,92.9578197148697,316.571061376616,1.10513225838834,20.6689280804385,0.262034236201024,0.846065620758031,0.474342480024837,2.81787757422013];
streamEight = [streamEight AD_int];
streamNine = [32.3412785977859,2.52650706800688,0.869023499650436,0.0194213689894374,1.21554186168553,0.273758247686361,0.932293155072900,1.10513225838834,20.6689280804385,0.262034236201024,0.846065620758031,0.00139692568665130,2.81787757422013];
streamNine = [streamNine AD_int];
streamTen = [32.3412785977859,2.52650706800688,696.839466371852,15.5733146551897,974.700387953044,219.517137694656,747.573184090481,1.10513225838834,20.6689280804385,0.262034236201024,0.846065620758031,1.12014571578189,2.81787757422013];
streamTen = [streamTen AD_int];
streamEleven = [32.3412785977859,2.52650706800688,696.839466371852,15.5733146551897,974.700387953044,219.517137694656,747.573184090481,1.10513225838834,20.6689280804385,0.262034236201024,0.846065620758031,1.12014571578189,2.81787757422013];
streamEleven = [streamEleven AD_int];
streamTwelve = [32.3412785977859,2.52650706800688,696.839466371852,15.5733146551897,974.700387953044,219.517137694656,747.573184090481,1.10513225838834,20.6689280804385,0.262034236201024,0.846065620758031,1.12014571578189,2.81787757422013];
streamTwelve = [streamTwelve AD_int];
streamThirteen = [32.3414087739585,5.91260384481147,1245.48699269858,3468.40166983666,870.361953841827,172.595377961232,636.572522872387,1.31036166133643,18.0784719575518,3.88107423940541,0.944134674700253,136.270506655232,3.26114363673313];
streamThirteen = [streamThirteen AD_int];
streamFourteen = [32.3414087739585,5.91260384481147,262.204766910185,828.143784524489,215.528529742760,43.0568837071926,163.269302935723,1.31036166133643,18.0784719575518,3.88107423940541,0.944134674700253,34.9509126342824,3.26114363673313];
streamFourteen = [streamFourteen AD_int];
streamFifteen = [32.3414087739585,5.91260384481147,19932.1552506881,17089.1660043405,3619.97690853804,696.330394614161,2312.52031582930,1.31036166133643,18.0784719575518,3.88107423940541,0.944134674700253,495.039141285320,3.26114363673313];
streamFifteen = [streamFifteen AD_int];
streamSixteen = [0,0,0,0,0,0,0,0,0,0,0,0,0];
streamSixteen = [streamSixteen AD_int];
streamSeventeen = [68.8654221131253,466.541764398459,23618.0783354431,2121.17144596049,0,0,487.289647554600,0,0,648.856702631117,0.956883758645366,79.7966944570006,43.2200845427253];
streamSeventeen = [streamSeventeen AD_int];
streamEightteen = [32.2844467430646,2088.21475052700,0.814699270375728,0.0167409399239295,1.05199228907527,0.221247610082760,0.780861111257833,1.37475789917505,20.6633813539039,0.258026126706860,0.849505962538288,0.00120094272342618,2.81024311281321];
streamEightteen = [streamEightteen AD_int];
streamNineteen = [32.2844467430646,2088.21475052700,0.0815106823787621,0.00167493145812201,0.105251854834944,0.0221358289227374,0.0781251737126396,1.37475789917505,20.6633813539039,0.258026126706860,0.849505962538288,0.000120154349517377,2.81024311281321];
streamNineteen = [streamNineteen AD_int];
streamTwenty = [32.2844467430646,2088.21475052700,1466.45868667631,30.1336918630731,1893.58612033548,398.245698148968,1405.55000026410,1.37475789917505,20.6633813539039,0.258026126706860,0.849505962538288,2.16169690216713,2.81024311281321];
streamTwenty = [streamTwenty AD_int];
streamTwentyOne = [32.3415076955507,27.6544270459474,56.6200629933673,249.055676261988,13.1620648196693,2.61067683945171,10.8554275999528,0.0773443304692921,1.08973674269828,27.2936279035498,1.52968978518156,9.81050743899943,6.14678643337671];
streamTwentyOne = [streamTwentyOne AD_int];
streamTwentyTwo = [32.3415076955507,27.6544270459474,30.7660363075129,135.336900181703,7.15235051658552,1.41866178636154,5.89897211989943,0.0773443304692921,1.08973674269828,27.2936279035498,1.52968978518156,5.33114972367836,6.14678643337671];
streamTwentyTwo = [streamTwentyTwo AD_int];
streamTwentyThree = [32.3415076955507,27.6544270459474,5324.21898109189,23217.3571879824,1224.15079562194,242.697133073797,1007.44904646899,0.0773443304692921,1.08973674269828,27.2936279035498,1.52968978518156,910.474210515317,6.14678643337671];
streamTwentyThree = [streamTwentyThree AD_int];
streamTwentyFour = [32.3415078119646,9.41236367417543,339.107353013986,42.6890081479696,363.984188988028,64.0049492495400,249.377016873856,1.32643412835333,15.3768652050890,7.64116340870622,1.04198003558084,1.86319553605218,3.72253005160633];
streamTwentyFour = [streamTwentyFour AD_int];
streamTwentyFive = [32.3415078179773,4.70978683712951,339.098931522968,37.5036767145025,367.575948671594,63.9572793132460,250.018375574452,0.0126304048650431,13.6946872324911,7.28934333024810,0.824900595103034,1.88505688359413,3.81755563732392];
streamTwentyFive = [streamTwentyFive AD_int];
