function stream = initialValuesAll(x)
AD_int = [0.009;... % S_su
0.0009;...          % S_aa
0.0009;...          % S_fa 
0.0009;...          % S_va
0.0009;...          % S_bu
0.0009;...          % S_pro
0.0009;...          % S_ac
2.3594e-9;...       % S_h2
2.3594e-6;...       % S_ch4
0.039;...           % S_IC
0.13023;...         % S_IN
0.009;...           % S_I
0.30870;...         % X_c
0.02795;...         % X_ch
0.10260;...         % X_pr
0.02948; ...        % X_li
0.42016;...         % X_su
1.17917;...         % X_aa
0.24303;...         % X_fa
0.43192;...         % X_c4
0.13730;...         % X_pro
0.76056;...         % X_ac
0.31702;...         % X_h2
25.61739;...        % X_I
0.04;...            % S_cat
0.02;...            % S_an
0.0116;...          % S_vam
0.01322;...         % S_bum
0.01574;...         % S_prom
0.19724;...         % S_acm
0.14278;...         % S_hco3m
0.00409;...         % S_nh3
1.023e-5;...        % h2
1.62125;...         % ch4
0.01411]';          % co2
streamOne = [x AD_int];
streamTwo = [41.1574800015928;49.2841200019073;9.56952785276121;113.124539007596;5.42523448705839e-10;5.42523456680924e-10;-9.74749282035922e-19;-6.46357308419245e-18;-5.93183388600425e-20;29.1000000011262;2.63135168922781;6.03988560208107;7.00000000027090]';
streamTwo = [streamTwo AD_int];
streamThree = [41.1574800000000;49.2841200000000;469.259178361223;5547.26722613380;2.66036226341032e-08;2.66036230251760e-08;-4.77986013765963e-17;-6.46357308394231e-18;-5.93183388577469e-20;29.1000000000000;2.63135168912597;296.176760090680;7]';
streamThree = [streamThree AD_int];
streamFour = [41.1574800008439;44.2606054107066;203.787739533434;2218.68384266167;207.713495264819;1.40951771685010e-08;3.72809590716387;0.465670423989598;1.42526011342548e-10;29.0298520060302;2.43458365835327;119.557217084521;6.99498942909410]';
streamFour = [streamFour AD_int];
streamFive = [41.1574800008407;43.7884865995697;203.787739533418;2218.22326497006;208.220574764242;1.40991688935967e-08;3.75266886295726;0.0646263429454995;1.02460272376537e-10;29.0852285136933;2.35411717254460;119.540266338481;6.99894489393087]';
streamFive = [streamFive AD_int];
streamSix = [41.1574800007954;42.3210244876877;203.787739533194;2216.16089880073;210.466461659134;1.41288663692141e-08;3.77750686495788;0.645465954493409;1.97555359375961e-10;29.0027678382088;2.35861144567330;119.437071522040;6.99305484566904]';
streamSix = [streamSix AD_int];
streamSeven = [41.1574800010188;42.3210244879174;203.787739533194;2216.16089880073;210.466461659134;1.41288663692141e-08;3.77750686495788;0.645465954496912;1.97555359377034e-10;29.0027678383661;2.35861144568610;119.437071522040;6.99305484570699]';
streamSeven = [streamSeven AD_int];
streamEight = [41.1574800006285;42.3210244875160;203.787739532368;2216.16089879174;210.466461658280;1.41288663691568e-08;3.77750686494255;0.645465954490790;1.97555359375160e-10;29.0027678380911;2.35861144566373;119.437071521556;6.99305484564067]';
streamEight = [streamEight AD_int];
streamNine = [41.1574800007954;42.3210244876877;0.532813851374594;5.79427018750292;0.550275724529152;3.69406703415136e-11;0.00987649201037598;0.645465954493409;1.97555359375961e-10;29.0027678382088;2.35861144567330;0.312274556949955;6.99305484566904]';
streamNine = [streamNine AD_int];
streamTen = [41.1574800007954;42.3210244876877;477.334516563141;5190.94079790247;492.978169142769;3.30942166264890e-08;8.84810056448419;0.645465954493409;1.97555359375961e-10;29.0027678382088;2.35861144567330;279.758914472889;6.99305484566904]';
streamTen = [streamTen AD_int];
streamEleven = [41.1574800007954;42.3210244876877;477.334516563141;5190.94079790247;492.978169142769;3.30942166264890e-08;8.84810056448419;0.645465954493409;1.97555359375961e-10;29.0027678382088;2.35861144567330;279.758914472889;6.99305484566904]';
streamEleven = [streamEleven AD_int];
streamTwelve = [41.1574800001645;42.3210244870389;477.334516555824;5190.94079782289;492.978169135212;3.30942166259817e-08;8.84810056434855;0.645465954483514;1.97555359372933e-10;29.0027678377642;2.35861144563714;279.758914468600;6.99305484556184]';
streamTwelve = [streamTwelve AD_int];
streamThirteen = [41.1574799999892;45.6999686173866;473.415840360382;5363.85341847874;253.753288782540;2.99445609717893e-08;4.55443011098541;0.0609933795530941;1.86680163355061e-11;29.0908120358692;2.60557906849055;287.725914630004;6.99642508350662]';
streamThirteen = [streamThirteen AD_int];
streamFourteen = [41.1574799995958;45.6999686169498;115.973601908775;1313.99363523226;62.1624381514282;7.33557751433014e-09;1.11570762864774;-6.46357308394231e-18;-5.93183388577469e-20;29.1000000000000;2.63135168912597;70.4847785759275;6.99642508343975]';
streamFourteen = [streamFourteen AD_int];
streamFifteen = [41.1574799995958;45.6999686169498;2063.03885117707;23374.4565579319;1105.79927569349;1.30491604630752e-07;19.8471733788650;0.332244141817357;1.01688726356173e-10;29.0499511689225;2.49096264532321;1253.84427339882;6.99642508343975]';
streamFifteen = [streamFifteen AD_int];
streamSixteen = [41.1574800000000;49.2841200000000;17.6389200000000;208.515480000000;1.00000000000000e-09;1.00000000000000e-09;0;0;0;29.1000000000000;2.63135168912597;11.1329483108740;7]';
streamSixteen = [streamSixteen AD_int];
streamSeventeen = [45.6332077965504;20725.0220303467;2441.76003925740;1866.49977801259;0;0;273.625760636072;0;0;1246.30798459723;5.11482719522294;83.9859688882567;87.4309388317614]';
streamSeventeen = [streamSeventeen AD_int];
%Seventeen_AD = [0.00900000000000000;0.000900000000000000;0.000900000000000000;0.000900000000000000;0.000900000000000000;0.000900000000000000;0.000900000000000000;2.35940000000000e-09;2.35940000000000e-06;0.0390000000000000;0.130230000000000;0.00900000000000000;0.308700000000000;0.0279500000000000;0.102600000000000;0.0294800000000000;0.420160000000000;1.17917000000000;0.243030000000000;0.431920000000000;0.137300000000000;0.760560000000000;0.317020000000000;25.6173900000000;0.0400000000000000;0.0200000000000000;0.0116000000000000;0.0132200000000000;0.0157400000000000;0.197240000000000;0.142780000000000;0.00409000000000000;0.373224500374902;0.000134989464500688;0.0190124439296428]';
%streamSeventeen = [streamSeventeen Seventeen_AD];
stream = [streamOne; streamTwo; streamThree; streamFour; streamFive; streamSix; streamSeven; streamEight; streamNine; streamTen; streamEleven; streamTwelve; streamThirteen; streamFourteen; streamFifteen; streamSixteen; streamSeventeen]';
end